# ----- Rotor performance tables for the DTU_10MW_RWT wind turbine ----- 
# ------------ Written on Jan-05-23 using the ROSCO toolbox ------------ 

# Pitch angle vector, 36 entries - x axis (matrix columns) (deg)
-5.0   -4.0   -3.0   -2.0   -1.0   0.0   1.0   2.0   3.0   4.0   5.0   6.0   7.0   8.0   9.0   10.0   11.0   12.0   13.0   14.0   15.0   16.0   17.0   18.0   19.0   20.0   21.0   22.0   23.0   24.0   25.0   26.0   27.0   28.0   29.0   30.0   
# TSR vector, 26 entries - y axis (matrix rows) (-)
2.0    2.5    3.0    3.5    4.0    4.5    5.0    5.5    6.0    6.5    7.0    7.5    8.0    8.5    9.0    9.5    10.0    10.5    11.0    11.5    12.0    12.5    13.0    13.5    14.0    14.5    
# Wind speed vector - z axis (m/s)
11.4    

# Power coefficient

0.014915   0.017632   0.020440   0.023346   0.026353   0.029464   0.032677   0.035993   0.039409   0.042919   0.046518   0.050191   0.053919   0.057675   0.061422   0.065118   0.068712   0.072145   0.075354   0.078264   0.080799   0.082884   0.084457   0.085468   0.085885   0.085697   0.084912   0.083556   0.081667   0.079288   0.076464   0.073238   0.069651   0.065736   0.061525   0.057044   
0.032282   0.037743   0.043344   0.049076   0.054925   0.060877   0.066913   0.073003   0.079106   0.085161   0.091092   0.096811   0.102218   0.107193   0.111599   0.115302   0.118185   0.120165   0.121188   0.121242   0.120350   0.118566   0.115961   0.112619   0.108622   0.104051   0.098972   0.093437   0.087485   0.081146   0.074447   0.067409   0.060054   0.052408   0.044502   0.036378   
0.063827   0.072955   0.082155   0.091396   0.100633   0.109787   0.118745   0.127371   0.135509   0.142965   0.149512   0.154920   0.159015   0.161689   0.162900   0.162669   0.161071   0.158223   0.154260   0.149321   0.143539   0.137027   0.129875   0.122144   0.113873   0.105090   0.095816   0.086072   0.075878   0.065265   0.054274   0.042968   0.031424   0.019736   0.008003   -0.003672   
0.110314   0.123525   0.136604   0.149389   0.161665   0.173191   0.183670   0.192735   0.200028   0.205325   0.208543   0.209696   0.208876   0.206244   0.202005   0.196369   0.189532   0.181664   0.172904   0.163354   0.153074   0.142102   0.130460   0.118163   0.105229   0.091681   0.077556   0.062914   0.047839   0.032446   0.016865   0.001235   -0.014302   -0.029604   -0.044541   -0.059004   
0.170461   0.187702   0.204044   0.219101   0.232384   0.243326   0.251536   0.256912   0.259517   0.259497   0.257080   0.252547   0.246181   0.238234   0.228926   0.218438   0.206913   0.194439   0.181058   0.166794   0.151664   0.135682   0.118868   0.101259   0.082918   0.063934   0.044431   0.024568   0.004521   -0.015524   -0.035382   -0.054881   -0.073869   -0.092223   -0.109838   -0.126615   
0.241460   0.260993   0.277981   0.291658   0.301623   0.307942   0.310839   0.310600   0.307548   0.302026   0.294351   0.284797   0.273603   0.260974   0.247065   0.231962   0.215701   0.198307   0.179797   0.160192   0.139522   0.117838   0.095211   0.071745   0.047587   0.022928   -0.002016   -0.027016   -0.051850   -0.076304   -0.100187   -0.123336   -0.145612   -0.166884   -0.187030   -0.205948   
0.315315   0.333132   0.346274   0.354953   0.359583   0.360561   0.358267   0.353069   0.345289   0.335215   0.323101   0.309165   0.293591   0.276488   0.257904   0.237867   0.216408   0.193565   0.169374   0.143885   0.117167   0.089317   0.060482   0.030865   0.000703   -0.029745   -0.060206   -0.090413   -0.120103   -0.149048   -0.177060   -0.203958   -0.229565   -0.253720   -0.276288   -0.297172   
0.377994   0.391139   0.399575   0.403829   0.404319   0.401391   0.395341   0.386436   0.374938   0.361089   0.345098   0.327123   0.307239   0.285495   0.261944   0.236636   0.209619   0.180941   0.150659   0.118854   0.085643   0.051208   0.015787   -0.020347   -0.056884   -0.093483   -0.129804   -0.165518   -0.200343   -0.234032   -0.266349   -0.297061   -0.325953   -0.352839   -0.377545   -0.400184   
0.418281   0.429037   0.435673   0.438280   0.436976   0.432031   0.423700   0.412233   0.397877   0.380868   0.361373   0.339481   0.315255   0.288765   0.260080   0.229259   0.196358   0.161435   0.124577   0.085911   0.045639   0.004029   -0.038593   -0.081851   -0.125317   -0.168554   -0.211135   -0.252700   -0.292937   -0.331543   -0.368221   -0.402646   -0.434591   -0.464053   -0.491109   -0.515840   
0.435869   0.446954   0.454829   0.458892   0.458466   0.453541   0.444440   0.431551   0.415185   0.395579   0.372896   0.347245   0.318711   0.287381   0.253338   0.216648   0.177379   0.135615   0.091483   0.045205   -0.002907   -0.052472   -0.103032   -0.154054   -0.204979   -0.255268   -0.304462   -0.352171   -0.398019   -0.441546   -0.482453   -0.520594   -0.555838   -0.588274   -0.618155   -0.645852   
0.434042   0.448123   0.459311   0.466644   0.469444   0.466776   0.458659   0.445584   0.428051   0.406369   0.380783   0.351469   0.318546   0.282130   0.242321   0.199200   0.152852   0.103415   0.051135   -0.003634   -0.060438   -0.118735   -0.177888   -0.237209   -0.296028   -0.353760   -0.409916   -0.463931   -0.515376   -0.564013   -0.609464   -0.651687   -0.690811   -0.727122   -0.760920   -0.792542   
0.419497   0.436557   0.452008   0.464264   0.471509   0.472878   0.467490   0.455472   0.437509   0.414167   0.385834   0.352800   0.315246   0.273310   0.227114   0.176776   0.122459   0.064433   0.003108   -0.060998   -0.127266   -0.194966   -0.263284   -0.331404   -0.398573   -0.464103   -0.527311   -0.587933   -0.645465   -0.699594   -0.750255   -0.797510   -0.841525   -0.882610   -0.921262   -0.957817   
0.399448   0.418942   0.437233   0.454097   0.466903   0.473075   0.471660   0.461849   0.444142   0.419461   0.388430   0.351481   0.308870   0.260784   0.207418   0.148990   0.085816   0.018347   -0.052841   -0.127057   -0.203501   -0.281253   -0.359325   -0.436744   -0.512460   -0.586069   -0.657108   -0.724833   -0.789108   -0.849828   -0.906627   -0.959716   -1.009602   -1.056420   -1.100740   -1.143244   
0.376289   0.398777   0.419491   0.438924   0.456640   0.468453   0.471527   0.464893   0.448175   0.422421   0.388619   0.347400   0.299169   0.244222   0.182897   0.115574   0.042747   -0.034959   -0.116798   -0.201903   -0.289265   -0.377733   -0.465932   -0.552843   -0.638054   -0.720438   -0.799760   -0.875966   -0.948047   -1.015942   -1.079936   -1.139866   -1.196295   -1.249808   -1.300988   -1.350456   
0.349825   0.376054   0.399819   0.421641   0.442149   0.459258   0.467617   0.464655   0.449569   0.422936   0.386189   0.340282   0.285864   0.223407   0.153418   0.076462   -0.006793   -0.095552   -0.188881   -0.285688   -0.384681   -0.484103   -0.583054   -0.680519   -0.775550   -0.868131   -0.957241   -1.042353   -1.123268   -1.199555   -1.271289   -1.338938   -1.403123   -1.464324   -1.523231   -1.580780   
0.319765   0.350384   0.377881   0.402726   0.425660   0.446253   0.459933   0.461079   0.448057   0.420752   0.380900   0.329954   0.268866   0.198307   0.118980   0.031629   -0.062888   -0.163570   -0.269247   -0.378447   -0.489211   -0.600763   -0.711226   -0.820070   -0.926943   -1.030421   -1.130093   -1.225607   -1.315963   -1.401248   -1.481990   -1.558419   -1.631191   -1.701072   -1.768982   -1.835818   
0.286107   0.321599   0.353436   0.381899   0.407683   0.430816   0.448625   0.454147   0.443387   0.415685   0.372681   0.316416   0.248202   0.168939   0.079545   -0.019019   -0.125672   -0.239157   -0.357642   -0.479592   -0.603711   -0.727757   -0.851441   -0.973435   -1.092464   -1.208291   -1.319783   -1.426011   -1.526908   -1.622532   -1.713115   -1.799208   -1.881750   -1.961523   -2.039519   -2.116854   
0.249622   0.289696   0.326290   0.358844   0.387874   0.413590   0.433978   0.443647   0.435471   0.407718   0.361577   0.299715   0.223879   0.135258   0.035025   -0.075605   -0.195268   -0.321863   -0.454103   -0.590271   -0.727964   -0.866988   -1.004759   -1.140515   -1.273727   -1.402575   -1.526461   -1.644932   -1.757403   -1.864096   -1.965623   -2.062662   -2.156043   -2.246796   -2.336103   -2.425267   
0.211043   0.255196   0.296221   0.333214   0.365840   0.394376   0.417005   0.429798   0.424469   0.396886   0.347625   0.279848   0.195856   0.097184   -0.014688   -0.138229   -0.271072   -0.412076   -0.559004   -0.710156   -0.864225   -1.018335   -1.171752   -1.323103   -1.470690   -1.613812   -1.751627   -1.883112   -2.008106   -2.127178   -2.240798   -2.349777   -2.455142   -2.558104   -2.660036   -2.762440   
0.171916   0.218506   0.263475   0.304730   0.341355   0.373028   0.398044   0.412920   0.410469   0.383206   0.330814   0.256778   0.164066   0.054630   -0.069674   -0.205987   -0.353585   -0.509674   -0.673030   -0.841525   -1.011982   -1.183320   -1.353599   -1.520945   -1.684602   -1.843280   -1.995702   -2.141331   -2.280229   -2.412718   -2.539523   -2.661616   -2.780198   -2.896673   -3.012622   -3.129758   
0.132056   0.180856   0.228393   0.273528   0.314326   0.349525   0.377132   0.393681   0.393486   0.366657   0.311111   0.230450   0.128437   0.007530   -0.128847   -0.279992   -0.442650   -0.616158   -0.797620   -0.983657   -1.172748   -1.362295   -1.550127   -1.735312   -1.916123   -2.091190   -2.259642   -2.420745   -2.574553   -2.721623   -2.862816   -2.999269   -3.132369   -3.263734   -3.395163   -3.528600   
0.092079   0.142446   0.191860   0.240071   0.284772   0.323819   0.354203   0.372389   0.373629   0.347226   0.288467   0.200807   0.088916   -0.042874   -0.193617   -0.359533   -0.540168   -0.732214   -0.932145   -1.138084   -1.346673   -1.555153   -1.762623   -1.966649   -2.165733   -2.358756   -2.544366   -2.722030   -2.891969   -3.054860   -3.211709   -3.363829   -3.512817   -3.660513   -3.808960   -3.960342   
0.053919   0.103410   0.154645   0.204702   0.252909   0.295824   0.329205   0.349061   0.351007   0.324918   0.262828   0.167804   0.046016   -0.098253   -0.262990   -0.446877   -0.646196   -0.857134   -1.078180   -1.304785   -1.533568   -1.763507   -1.991372   -2.215487   -2.434471   -2.646546   -2.850533   -3.046034   -3.233393   -3.413406   -3.587236   -3.756392   -3.922698   -4.088238   -4.255309   -4.426354   
0.018735   0.065309   0.116549   0.168287   0.218994   0.265487   0.302062   0.323634   0.325870   0.299707   0.234156   0.131488   -0.000079   -0.157366   -0.339500   -0.541756   -0.760074   -0.993030   -1.235394   -1.483649   -1.735398   -1.987193   -2.236909   -2.482838   -2.722829   -2.955253   -3.178947   -3.393627   -3.599748   -3.798235   -3.990427   -4.178050   -4.363169   -4.548131   -4.735503   -4.928005   
-0.010875   0.029087   0.078245   0.131018   0.183255   0.232889   0.272684   0.296044   0.298363   0.271547   0.202439   0.092935   -0.050705   -0.222929   -0.422563   -0.643422   -0.884065   -1.138723   -1.403928   -1.676395   -1.951528   -2.226836   -2.500212   -2.769089   -3.031468   -3.285626   -3.530422   -3.765679   -3.991955   -4.210323   -4.422317   -4.629896   -4.835386   -5.041412   -5.250832   -5.466659   
-0.035460   -0.003385   0.040903   0.092841   0.146327   0.198222   0.240996   0.266233   0.268513   0.240466   0.168864   0.050471   -0.104693   -0.294088   -0.511339   -0.754268   -1.016702   -1.295104   -1.585569   -1.882519   -2.182671   -2.483378   -2.781579   -3.074862   -3.361086   -3.638427   -3.905781   -4.163059   -4.410935   -4.650643   -4.883935   -5.113020   -5.340500   -5.569299   -5.802584   -6.043676   


#  Thrust coefficient

0.108212   0.108253   0.108354   0.108526   0.108779   0.109124   0.109571   0.110129   0.110801   0.111590   0.112494   0.113509   0.114623   0.115815   0.117055   0.118298   0.119489   0.120564   0.121448   0.122064   0.122334   0.122184   0.121550   0.120379   0.118640   0.116319   0.113427   0.109995   0.106066   0.101700   0.096962   0.091917   0.086622   0.081125   0.075462   0.069662   
0.142072   0.143053   0.144220   0.145582   0.147146   0.148913   0.150872   0.153004   0.155267   0.157604   0.159934   0.162157   0.164155   0.165801   0.166959   0.167500   0.167306   0.166284   0.164370   0.161542   0.157822   0.153270   0.147968   0.142015   0.135512   0.128555   0.121230   0.113601   0.105719   0.097622   0.089333   0.080870   0.072252   0.063501   0.054649   0.045735   
0.189668   0.192467   0.195566   0.198936   0.202521   0.206232   0.209943   0.213499   0.216716   0.219389   0.221302   0.222250   0.222058   0.220591   0.217775   0.213606   0.208158   0.201563   0.193979   0.185573   0.176502   0.166900   0.156875   0.146498   0.135814   0.124844   0.113602   0.102099   0.090355   0.078395   0.066261   0.054015   0.041735   0.029513   0.017447   0.005637   
0.253526   0.258746   0.264130   0.269493   0.274602   0.279189   0.282948   0.285560   0.286721   0.286192   0.283810   0.279513   0.273350   0.265491   0.256182   0.245681   0.234230   0.222038   0.209273   0.196047   0.182419   0.168411   0.154031   0.139279   0.124162   0.108699   0.092926   0.076905   0.060726   0.044509   0.028388   0.012505   -0.002996   -0.017981   -0.032325   -0.045928   
0.334023   0.341189   0.347807   0.353477   0.357761   0.360217   0.360470   0.358277   0.353529   0.346271   0.336714   0.325208   0.312131   0.297824   0.282571   0.266593   0.250040   0.232985   0.215452   0.197442   0.178948   0.159966   0.140509   0.120612   0.100341   0.079794   0.059112   0.038465   0.018042   -0.001967   -0.021383   -0.040043   -0.057809   -0.074570   -0.090229   -0.104697   
0.428516   0.435635   0.440813   0.443471   0.443162   0.439653   0.432895   0.423034   0.410422   0.395561   0.378932   0.360937   0.341890   0.322023   0.301493   0.280362   0.258638   0.236314   0.213386   0.189853   0.165733   0.141073   0.115955   0.090503   0.064891   0.039335   0.014067   -0.010679   -0.034689   -0.057767   -0.079745   -0.100481   -0.119853   -0.137745   -0.154050   -0.168677   
0.531545   0.535062   0.534913   0.530844   0.522840   0.511093   0.496041   0.478307   0.458459   0.436961   0.414176   0.390376   0.365750   0.340388   0.314299   0.287482   0.259939   0.231679   0.202722   0.173112   0.142929   0.112300   0.081406   0.050489   0.019814   -0.010352   -0.039745   -0.068122   -0.095257   -0.120956   -0.145062   -0.167422   -0.187883   -0.206309   -0.222589   -0.236642   
0.634514   0.630904   0.622738   0.610188   0.593686   0.573888   0.551434   0.526859   0.500607   0.473023   0.444360   0.414779   0.384321   0.352991   0.320805   0.287785   0.253958   0.219355   0.184036   0.148106   0.111723   0.075116   0.038569   0.002374   -0.033161   -0.067720   -0.101006   -0.132745   -0.162706   -0.190693   -0.216512   -0.239971   -0.260895   -0.279129   -0.294513   -0.307187   
0.729005   0.717148   0.700857   0.680523   0.656725   0.630091   0.601154   0.570355   0.538050   0.504520   0.469913   0.434269   0.397607   0.359962   0.321371   0.281873   0.241504   0.200324   0.158448   0.116047   0.073380   0.030760   -0.011472   -0.052949   -0.093286   -0.132109   -0.169074   -0.203900   -0.236347   -0.266180   -0.293163   -0.317023   -0.337569   -0.354851   -0.368966   -0.379991   
0.812134   0.792230   0.769019   0.742623   0.713046   0.680645   0.645928   0.609353   0.571247   0.531802   0.491112   0.449232   0.406204   0.362077   0.316896   0.270700   0.223540   0.175517   0.126801   0.077680   0.028516   -0.020293   -0.068308   -0.115053   -0.160064   -0.202917   -0.243268   -0.280833   -0.315333   -0.346388   -0.373765   -0.397403   -0.417229   -0.433357   -0.446044   -0.455609   
0.884874   0.857837   0.828573   0.796969   0.762858   0.725883   0.686253   0.644420   0.600758   0.555464   0.508680   0.460506   0.411001   0.360213   0.308189   0.254960   0.200607   0.145308   0.089379   0.033239   -0.022640   -0.077740   -0.131505   -0.183367   -0.232813   -0.279421   -0.322848   -0.362654   -0.398517   -0.430324   -0.457801   -0.480975   -0.500024   -0.515222   -0.526830   -0.535116   
0.950664   0.916259   0.881234   0.845132   0.807033   0.766434   0.722816   0.676307   0.627360   0.576332   0.523449   0.468873   0.412681   0.354910   0.295593   0.234813   0.172754   0.109758   0.046313   -0.017038   -0.079708   -0.141062   -0.200439   -0.257223   -0.310877   -0.360909   -0.406782   -0.448428   -0.485503   -0.517808   -0.545389   -0.568378   -0.586943   -0.601356   -0.612012   -0.619113   
1.013749   0.971687   0.929925   0.888909   0.847267   0.803310   0.756334   0.705721   0.651770   0.595069   0.535990   0.474764   0.411486   0.346209   0.279039   0.210184   0.140017   0.069066   -0.002054   -0.072689   -0.142143   -0.209677   -0.274542   -0.336042   -0.393352   -0.446325   -0.494757   -0.538061   -0.576295   -0.609518   -0.637430   -0.660293   -0.678575   -0.692292   -0.701889   -0.707852   
1.076401   1.026842   0.977969   0.930595   0.884739   0.837667   0.787403   0.733100   0.674422   0.612017   0.546485   0.478178   0.407292   0.333970   0.258474   0.181198   0.102698   0.023643   -0.055250   -0.133229   -0.209477   -0.283119   -0.353095   -0.418694   -0.479879   -0.535787   -0.586460   -0.632096   -0.671849   -0.705819   -0.734361   -0.757276   -0.775054   -0.788113   -0.796842   -0.801610   
1.139560   1.082583   1.026602   0.972436   0.920765   0.870040   0.816644   0.758675   0.695407   0.627138   0.554787   0.478941   0.399991   0.318239   0.234121   0.148211   0.061214   -0.026096   -0.112893   -0.198290   -0.281292   -0.360457   -0.435344   -0.505399   -0.569991   -0.629484   -0.683190   -0.730806   -0.772329   -0.807473   -0.836309   -0.859254   -0.876791   -0.889177   -0.896826   -0.900349   
1.203681   1.139288   1.076138   1.015086   0.956922   0.901099   0.844202   0.782420   0.714498   0.640221   0.560745   0.477042   0.389736   0.299298   0.206340   0.111592   0.015893   -0.079854   -0.174680   -0.267416   -0.356407   -0.441498   -0.521298   -0.595761   -0.665049   -0.728064   -0.784745   -0.835039   -0.878088   -0.914101   -0.943587   -0.966665   -0.983771   -0.995372   -1.002047   -1.004299   
1.268711   1.197165   1.126760   1.058662   0.993687   0.931661   0.870101   0.804254   0.731479   0.651183   0.564453   0.472701   0.376821   0.277464   0.175421   0.071594   -0.033024   -0.137371   -0.239870   -0.339353   -0.435214   -0.525739   -0.611315   -0.691249   -0.764664   -0.831798   -0.891903   -0.944255   -0.989003   -1.026299   -1.056286   -1.079327   -1.096075   -1.106949   -1.112508   -1.113386   
1.333473   1.256077   1.178503   1.103046   1.030852   0.962014   0.894414   0.824033   0.746374   0.660173   0.566156   0.466191   0.361501   0.252960   0.141568   0.028417   -0.085309   -0.197708   -0.307919   -0.414936   -0.516901   -0.614574   -0.706020   -0.791080   -0.869834   -0.940866   -1.003964   -1.058980   -1.105519   -1.143810   -1.174327   -1.197506   -1.213812   -1.223817   -1.228177   -1.227618   
1.396919   1.314789   1.230918   1.147905   1.068097   0.992026   0.917767   0.842015   0.759467   0.667409   0.566075   0.457705   0.343950   0.225953   0.104949   -0.017732   -0.139860   -0.260765   -0.378886   -0.493172   -0.603403   -0.707443   -0.805372   -0.896577   -0.979850   -1.055019   -1.121707   -1.179162   -1.227375   -1.266884   -1.297974   -1.321123   -1.336901   -1.345968   -1.349066   -1.347016   
1.456736   1.372204   1.282888   1.192873   1.105296   1.021760   0.940554   0.858578   0.770993   0.673053   0.564357   0.447383   0.324305   0.196583   0.065747   -0.065409   -0.196760   -0.326087   -0.452892   -0.576212   -0.693707   -0.805350   -0.910120   -1.006769   -1.095246   -1.174868   -1.244762   -1.304697   -1.354869   -1.395513   -1.427087   -1.450148   -1.465343   -1.473413   -1.475194   -1.471603   
1.513004   1.426308   1.333618   1.237575   1.142533   1.051410   0.963011   0.874259   0.781088   0.677217   0.561113   0.435336   0.302685   0.165011   0.025645   -0.115452   -0.255531   -0.394725   -0.531307   -0.662776   -0.788921   -0.908250   -1.019385   -1.122315   -1.216066   -1.299845   -1.373259   -1.435896   -1.487881   -1.529625   -1.561653   -1.584585   -1.599146   -1.606167   -1.606578   -1.601399   
1.565055   1.477120   1.382143   1.281528   1.179879   1.081114   0.985256   0.889367   0.789922   0.679998   0.556432   0.421668   0.279226   0.133162   -0.016622   -0.166780   -0.317745   -0.467352   -0.612927   -0.754100   -0.888822   -1.015323   -1.133925   -1.243072   -1.342048   -1.430414   -1.507336   -1.572571   -1.626373   -1.669215   -1.701674   -1.724440   -1.738323   -1.744245   -1.743236   -1.736423   
1.611072   1.524876   1.427883   1.324472   1.217049   1.110917   1.007364   0.904030   0.797654   0.681507   0.550394   0.406488   0.254904   0.099362   -0.059651   -0.221461   -0.383475   -0.542628   -0.699135   -0.849810   -0.992505   -1.127796   -1.253470   -1.368878   -1.473541   -1.566404   -1.646831   -1.714700   -1.770346   -1.814286   -1.847157   -1.869725   -1.882886   -1.887661   -1.885184   -1.876692   
1.650476   1.568188   1.471350   1.365445   1.253692   1.140791   1.029384   0.918312   0.804519   0.681823   0.543090   0.389997   0.230640   0.065303   -0.105916   -0.279291   -0.451402   -0.622689   -0.789268   -0.949108   -1.101710   -1.244927   -1.377910   -1.500114   -1.610335   -1.707735   -1.791727   -1.862287   -1.919805   -1.964846   -1.998112   -2.020450   -2.032849   -2.036430   -2.032436   -2.022217   
1.681027   1.606427   1.511961   1.404354   1.289532   1.170557   1.051339   0.932266   0.810696   0.681016   0.534637   0.374777   0.204258   0.028163   -0.154965   -0.338814   -0.523978   -0.705915   -0.882781   -1.053571   -1.215184   -1.366759   -1.507657   -1.636506   -1.752369   -1.854389   -1.942027   -2.015337   -2.074757   -2.120902   -2.154547   -2.176625   -2.188222   -2.190562   -2.185003   -2.173012   
1.704083   1.637970   1.548690   1.441382   1.323874   1.199935   1.073238   0.945941   0.816297   0.679203   0.527913   0.357669   0.178369   -0.011410   -0.205165   -0.402809   -0.599251   -0.792624   -0.981529   -1.162117   -1.333129   -1.493739   -1.642382   -1.778001   -1.899623   -2.006366   -2.097738   -2.173858   -2.235208   -2.282461   -2.316471   -2.338261   -2.349015   -2.350069   -2.342896   -2.329087   


# Torque coefficient

0.007465   0.008824   0.010230   0.011684   0.013189   0.014746   0.016354   0.018014   0.019723   0.021480   0.023281   0.025119   0.026985   0.028865   0.030740   0.032590   0.034388   0.036107   0.037713   0.039169   0.040438   0.041482   0.042269   0.042775   0.042984   0.042889   0.042496   0.041818   0.040872   0.039682   0.038268   0.036654   0.034859   0.032900   0.030792   0.028549   
0.012925   0.015112   0.017354   0.019649   0.021991   0.024374   0.026791   0.029229   0.031673   0.034097   0.036471   0.038761   0.040926   0.042918   0.044682   0.046165   0.047319   0.048112   0.048521   0.048543   0.048186   0.047472   0.046429   0.045090   0.043490   0.041660   0.039626   0.037410   0.035027   0.032489   0.029807   0.026989   0.024045   0.020983   0.017818   0.014565   
0.021296   0.024342   0.027411   0.030494   0.033576   0.036630   0.039619   0.042498   0.045213   0.047700   0.049885   0.051689   0.053056   0.053948   0.054352   0.054275   0.053742   0.052791   0.051469   0.049821   0.047892   0.045719   0.043333   0.040753   0.037994   0.035063   0.031969   0.028718   0.025317   0.021776   0.018109   0.014336   0.010485   0.006585   0.002670   -0.001225   
0.031548   0.035327   0.039067   0.042723   0.046234   0.049530   0.052527   0.055120   0.057205   0.058720   0.059640   0.059970   0.059736   0.058983   0.057771   0.056159   0.054204   0.051953   0.049448   0.046717   0.043777   0.040639   0.037310   0.033793   0.030094   0.026219   0.022180   0.017992   0.013681   0.009279   0.004823   0.000353   -0.004090   -0.008466   -0.012738   -0.016874   
0.042656   0.046970   0.051060   0.054827   0.058151   0.060890   0.062944   0.064289   0.064941   0.064936   0.064331   0.063197   0.061604   0.059615   0.057286   0.054662   0.051778   0.048656   0.045308   0.041738   0.037952   0.033953   0.029745   0.025339   0.020749   0.015999   0.011118   0.006148   0.001131   -0.003885   -0.008854   -0.013733   -0.018485   -0.023078   -0.027486   -0.031684   
0.053709   0.058054   0.061832   0.064875   0.067091   0.068497   0.069141   0.069088   0.068409   0.067181   0.065474   0.063348   0.060858   0.058050   0.054956   0.051596   0.047979   0.044110   0.039993   0.035632   0.031034   0.026211   0.021178   0.015958   0.010585   0.005100   -0.000448   -0.006009   -0.011533   -0.016973   -0.022285   -0.027434   -0.032389   -0.037121   -0.041602   -0.045810   
0.063123   0.066690   0.069321   0.071058   0.071985   0.072181   0.071722   0.070681   0.069124   0.067107   0.064682   0.061892   0.058774   0.055350   0.051630   0.047619   0.043323   0.038750   0.033907   0.028805   0.023456   0.017880   0.012108   0.006179   0.000141   -0.005955   -0.012053   -0.018100   -0.024043   -0.029838   -0.035446   -0.040830   -0.045957   -0.050792   -0.055310   -0.059491   
0.068792   0.071184   0.072719   0.073493   0.073583   0.073050   0.071949   0.070328   0.068235   0.065715   0.062805   0.059534   0.055915   0.051958   0.047672   0.043066   0.038149   0.032930   0.027419   0.021630   0.015586   0.009319   0.002873   -0.003703   -0.010352   -0.017013   -0.023623   -0.030123   -0.036461   -0.042592   -0.048473   -0.054062   -0.059321   -0.064214   -0.068710   -0.072830   
0.069780   0.071574   0.072681   0.073116   0.072899   0.072074   0.070684   0.068771   0.066376   0.063538   0.060286   0.056634   0.052593   0.048173   0.043388   0.038246   0.032757   0.026932   0.020783   0.014332   0.007614   0.000672   -0.006438   -0.013655   -0.020906   -0.028119   -0.035223   -0.042157   -0.048869   -0.055310   -0.061429   -0.067172   -0.072501   -0.077416   -0.081929   -0.086055   
0.067121   0.068828   0.070040   0.070666   0.070600   0.069842   0.068441   0.066456   0.063935   0.060916   0.057423   0.053473   0.049079   0.044255   0.039012   0.033362   0.027315   0.020884   0.014088   0.006961   -0.000448   -0.008080   -0.015866   -0.023723   -0.031565   -0.039309   -0.046885   -0.054232   -0.061292   -0.067995   -0.074294   -0.080168   -0.085595   -0.090590   -0.095191   -0.099456   
0.062065   0.064079   0.065678   0.066727   0.067127   0.066746   0.065585   0.063716   0.061208   0.058108   0.054449   0.050258   0.045550   0.040343   0.034650   0.028484   0.021857   0.014788   0.007312   -0.000520   -0.008642   -0.016978   -0.025437   -0.033919   -0.042330   -0.050585   -0.058615   -0.066339   -0.073695   -0.080650   -0.087149   -0.093187   -0.098781   -0.103974   -0.108806   -0.113328   
0.055986   0.058263   0.060325   0.061961   0.062928   0.063111   0.062391   0.060787   0.058390   0.055275   0.051494   0.047085   0.042073   0.036476   0.030311   0.023593   0.016343   0.008599   0.000415   -0.008141   -0.016985   -0.026020   -0.035138   -0.044229   -0.053194   -0.061939   -0.070375   -0.078466   -0.086144   -0.093368   -0.100129   -0.106436   -0.112310   -0.117793   -0.122952   -0.127831   
0.049979   0.052418   0.054706   0.056816   0.058418   0.059191   0.059014   0.057786   0.055571   0.052483   0.048600   0.043977   0.038646   0.032629   0.025952   0.018642   0.010737   0.002296   -0.006611   -0.015897   -0.025462   -0.035190   -0.044958   -0.054645   -0.064119   -0.073328   -0.082217   -0.090690   -0.098732   -0.106330   -0.113436   -0.120079   -0.126320   -0.132178   -0.137724   -0.143042   
0.044311   0.046960   0.049399   0.051687   0.053774   0.055165   0.055527   0.054745   0.052777   0.049744   0.045763   0.040909   0.035230   0.028759   0.021538   0.013610   0.005034   -0.004117   -0.013754   -0.023776   -0.034064   -0.044482   -0.054868   -0.065102   -0.075137   -0.084838   -0.094179   -0.103153   -0.111641   -0.119636   -0.127172   -0.134230   -0.140875   -0.147176   -0.153203   -0.159029   
0.038907   0.041824   0.044467   0.046894   0.049174   0.051077   0.052007   0.051678   0.050000   0.047038   0.042951   0.037845   0.031793   0.024847   0.017063   0.008504   -0.000756   -0.010627   -0.021007   -0.031773   -0.042783   -0.053840   -0.064846   -0.075685   -0.086254   -0.096551   -0.106461   -0.115927   -0.124926   -0.133411   -0.141389   -0.148913   -0.156051   -0.162858   -0.169409   -0.175810   
0.033692   0.036918   0.039815   0.042433   0.044849   0.047019   0.048460   0.048581   0.047209   0.044332   0.040133   0.034765   0.028329   0.020894   0.012536   0.003333   -0.006626   -0.017234   -0.028369   -0.039874   -0.051545   -0.063298   -0.074937   -0.086405   -0.097666   -0.108569   -0.119071   -0.129134   -0.138654   -0.147640   -0.156148   -0.164200   -0.171868   -0.179231   -0.186386   -0.193428   
0.028638   0.032191   0.035377   0.038226   0.040807   0.043123   0.044905   0.045458   0.044381   0.041608   0.037304   0.031672   0.024844   0.016910   0.007962   -0.001904   -0.012579   -0.023938   -0.035798   -0.048005   -0.060429   -0.072845   -0.085225   -0.097436   -0.109350   -0.120944   -0.132104   -0.142737   -0.152836   -0.162408   -0.171475   -0.180092   -0.188354   -0.196339   -0.204146   -0.211887   
0.023796   0.027616   0.031105   0.034208   0.036976   0.039427   0.041371   0.042292   0.041513   0.038867   0.034469   0.028571   0.021342   0.012894   0.003339   -0.007207   -0.018615   -0.030683   -0.043289   -0.056270   -0.069396   -0.082649   -0.095782   -0.108724   -0.121423   -0.133706   -0.145516   -0.156809   -0.167531   -0.177702   -0.187381   -0.196631   -0.205533   -0.214184   -0.222698   -0.231198   
0.019204   0.023222   0.026955   0.030321   0.033290   0.035887   0.037946   0.039110   0.038625   0.036115   0.031632   0.025465   0.017822   0.008843   -0.001337   -0.012578   -0.024666   -0.037497   -0.050867   -0.064621   -0.078641   -0.092664   -0.106624   -0.120397   -0.133826   -0.146850   -0.159390   -0.171355   -0.182729   -0.193564   -0.203903   -0.213820   -0.223407   -0.232776   -0.242052   -0.251370   
0.014963   0.019019   0.022933   0.026524   0.029711   0.032468   0.034646   0.035940   0.035727   0.033354   0.028794   0.022350   0.014280   0.004755   -0.006064   -0.017929   -0.030776   -0.044362   -0.058580   -0.073246   -0.088082   -0.102995   -0.117816   -0.132382   -0.146627   -0.160438   -0.173705   -0.186380   -0.198470   -0.210001   -0.221038   -0.231665   -0.241987   -0.252125   -0.262217   -0.272412   
0.011015   0.015086   0.019051   0.022816   0.026219   0.029155   0.031458   0.032838   0.032822   0.030584   0.025951   0.019222   0.010713   0.000628   -0.010748   -0.023355   -0.036923   -0.051395   -0.066532   -0.082049   -0.097822   -0.113633   -0.129300   -0.144747   -0.159829   -0.174432   -0.188483   -0.201921   -0.214750   -0.227018   -0.238795   -0.250177   -0.261279   -0.272237   -0.283200   -0.294330   
0.007373   0.011407   0.015363   0.019224   0.022804   0.025930   0.028363   0.029819   0.029919   0.027805   0.023099   0.016080   0.007120   -0.003433   -0.015504   -0.028790   -0.043255   -0.058633   -0.074643   -0.091133   -0.107836   -0.124531   -0.141144   -0.157482   -0.173424   -0.188880   -0.203743   -0.217970   -0.231578   -0.244622   -0.257182   -0.269363   -0.281293   -0.293120   -0.305007   -0.317129   
0.004152   0.007962   0.011907   0.015761   0.019473   0.022777   0.025348   0.026876   0.027026   0.025018   0.020237   0.012920   0.003543   -0.007565   -0.020249   -0.034408   -0.049755   -0.065996   -0.083016   -0.100464   -0.118079   -0.135784   -0.153328   -0.170584   -0.187445   -0.203774   -0.219481   -0.234534   -0.248959   -0.262820   -0.276204   -0.289229   -0.302033   -0.314779   -0.327643   -0.340813   
0.001389   0.004842   0.008641   0.012478   0.016237   0.019684   0.022396   0.023996   0.024162   0.022222   0.017361   0.009749   -0.000006   -0.011668   -0.025172   -0.040168   -0.056355   -0.073628   -0.091598   -0.110005   -0.128670   -0.147340   -0.165855   -0.184089   -0.201883   -0.219116   -0.235702   -0.251619   -0.266902   -0.281619   -0.295869   -0.309780   -0.323506   -0.337220   -0.351112   -0.365385   
-0.000778   0.002080   0.005594   0.009367   0.013102   0.016651   0.019496   0.021166   0.021332   0.019415   0.014474   0.006645   -0.003625   -0.015939   -0.030212   -0.046003   -0.063208   -0.081415   -0.100376   -0.119857   -0.139528   -0.159211   -0.178757   -0.197981   -0.216740   -0.234911   -0.252413   -0.269233   -0.285411   -0.301024   -0.316181   -0.331022   -0.345714   -0.360444   -0.375417   -0.390848   
-0.002448   -0.000234   0.002824   0.006409   0.010101   0.013683   0.016636   0.018378   0.018536   0.016600   0.011657   0.003484   -0.007227   -0.020301   -0.035298   -0.052068   -0.070184   -0.089403   -0.109454   -0.129953   -0.150672   -0.171431   -0.192016   -0.212261   -0.232020   -0.251165   -0.269621   -0.287381   -0.304492   -0.321040   -0.337144   -0.352958   -0.368661   -0.384456   -0.400559   -0.417202   

